MTS793|MPT|ENU|1|2|.|/|:|1|0|0|A

Data Acquisition						Time:	102.57642	Sec
Channel 1 Displacement	Channel 1 Force	Time
mm	N	Sec
-0.00033669148	-3.3368561	0.17358398
-0.0018352526	0.92011219	0.27368164
-0.0021088906	-0.52308857	0.3737793
0.0010161478	1.4479114	0.47387695
-0.001887647	0.33601931	0.57397461
-0.0013538792	2.8477263	0.67407227
4.4395772e-05	3.320205	0.77416992
-0.0047077336	2.932961	0.87426758
-0.0065404624	2.4139724	0.97436523
-0.0072735744	-0.12887831	1.0744629
-0.0062072668	3.2089493	1.1745605
-0.0056798439	1.4546728	1.2746582
-0.0088952929	6.0910993	1.3747559
-0.011014195	3.613199	1.4748535
-0.011275758	2.1113484	1.5749512
-0.011455659	-0.49645272	1.6750488
-0.012377626	-0.15489946	1.7751465
-0.013381716	4.3964462	1.8752441
-0.014282039	2.4438863	1.9753418
-0.014304757	4.1659436	2.0754395
-0.013228216	4.7627912	2.1755371
-0.018007565	0.67096478	2.2756348
-0.017542975	1.2581823	2.3757324
-0.017202413	3.1329346	2.4758301
-0.018500963	3.1495309	2.5759277
-0.019329041	1.4237342	2.6760254
-0.021417653	2.8169928	2.776123
-0.020555193	2.7647457	2.8762207
-0.022073554	-0.32721275	2.9763184
-0.020354005	-0.080114268	3.076416
-0.023559835	2.6403768	3.1765137
-0.022704948	1.3825512	3.2766113
-0.023231961	2.5354726	3.376709
-0.026272012	1.5364243	3.4768066
-0.026392356	1.7845472	3.5769043
-0.027343437	1.5739193	3.677002
-0.02946193	1.7050495	3.7770996
-0.028093126	0.70866472	3.8771973
-0.030970315	-0.41531587	3.9772949
-0.029414447	-1.1381712	4.0773926
-0.032100633	2.9366491	4.1774902
-0.033558466	0.65703219	4.2775879
-0.028907081	1.2102379	4.3776855
-0.03343812	-2.0470674	4.4777832
-0.034544133	0.88773942	4.5778809
-0.036116324	-1.649784	4.6779785
-0.034404144	1.8773628	4.7780762
-0.035700444	1.0832055	4.8781738
-0.039967053	-1.8704515	4.9782715
-0.038409602	-1.1437032	5.0783691
-0.039154738	2.5807536	5.1784668
-0.040468484	-0.54480702	5.2785645
-0.041739047	-1.4971402	5.3786621
-0.042498562	2.9636948	5.4787598
-0.042439412	2.2723925	5.5788574
-0.044850376	-1.1170675	5.6789551
-0.046020806	-3.4352038	5.7790527
-0.046344381	1.6112095	5.8791504
-0.046214011	-1.8731151	5.979248
-0.047511999	4.0458775	6.0793457
-0.047175936	2.2490351	6.1794434
-0.050540384	1.876953	6.279541
-0.04969573	0.95248497	6.3796387
-0.050916966	2.1990416	6.4797363
-0.0515281	3.6654463	6.579834
-0.052583303	1.1653668	6.6799316
-0.053170487	3.2146862	6.7800293
-0.056118287	-0.74375612	6.880127
-0.053021085	-1.4686604	6.9802246
-0.05581231	-1.3801475	7.0803223
-0.054887839	-0.65257967	7.1804199
-0.057541326	-1.1490304	7.2805176
-0.057419959	-0.83165437	7.3806152
-0.060779084	3.5771382	7.4807129
-0.05961822	1.8915004	7.5808105
-0.059299558	2.1724057	7.6809082
-0.062448081	3.3015599	7.7810059
-0.064319953	1.7300463	7.8811035
-0.063602395	-0.59582484	7.9812012
-0.064955644	2.5104759	8.0812988
-0.063806035	-0.0020508084	8.1813965
-0.064376846	3.0470853	8.2814941
-0.064557366	0.9676469	8.3815918
-0.066288784	2.7174158	8.4816895
-0.06766475	-0.55464178	8.5817871
-0.069796339	1.2780567	8.6818848
-0.068295531	0.50812769	8.7819824
-0.071319051	1.565109	8.8820801
-0.071162075	2.3781164	8.9821777
-0.069895193	0.43928435	9.0822754
-0.069062613	-1.9425731	9.182373
-0.071243733	1.8636352	9.2824707
-0.073424809	4.4155011	9.3825684
-0.074263319	2.8866558	9.482666
-0.076111607	5.1020904	9.5827637
-0.07551787	3.8205488	9.6828613
-0.079424269	2.2000661	9.782959
-0.079554848	5.2420311	9.8830566
-0.080075309	3.7961667	9.9831543
-0.0777696	0.21923144	10.083252
-0.08006835	4.0971003	10.18335
-0.082165353	-1.1518989	10.283447
-0.082764	0.85762042	10.383545
-0.080166183	0.49726847	10.483643
-0.083944105	1.7802445	10.58374
-0.084333584	2.8669863	10.683838
-0.085865453	3.7728093	10.783936
-0.08474496	-0.53456247	10.884033
-0.086884893	3.5843096	10.984131
-0.088224426	0.16063263	11.084229
-0.090458505	-0.86976409	11.184326
-0.088383861	0.054089315	11.284424
-0.09118814	2.4072108	11.384521
-0.090460755	4.8297906	11.484619
-0.09119878	0.79103088	11.584717
-0.092380472	0.76992708	11.684814
-0.092189975	0.97338384	11.784912
-0.095152661	3.8119433	11.88501
-0.094461709	3.4466228	11.985107
-0.093954757	-0.56877923	12.085205
-0.096049301	0.21226515	12.185303
-0.09868376	1.3059219	12.2854
-0.097583883	1.1551222	12.385498
-0.098638318	2.7881031	12.485596
-0.099575229	2.6690614	12.585693
-0.10103347	-0.94475418	12.685791
-0.1033664	1.4102114	12.785889
-0.1037127	3.0569201	12.885986
-0.10211472	1.4854064	12.986084
-0.10492268	2.6565633	13.086182
-0.10299063	4.5484753	13.186279
-0.10349309	1.0729609	13.286377
-0.10514925	3.6115599	13.386475
-0.10638455	3.5310378	13.486572
-0.10637452	0.81643736	13.58667
-0.10804091	1.602809	13.686768
-0.10891873	3.5673034	13.786865
-0.11066166	0.73181736	13.886963
-0.10972203	2.763926	13.987061
-0.11324735	3.0831461	14.087158
-0.11114692	3.0075414	14.187256
-0.11391456	-0.17579834	14.287354
-0.11365648	0.69739568	14.387451
-0.11374775	0.34892744	14.487549
-0.11588319	-1.1660364	14.587646
-0.11776979	-4.1646156	14.687744
-0.11836046	2.7512228	14.787842
-0.11950571	2.2619431	14.887939
-0.11852562	2.1961732	14.988037
-0.11879005	2.5600595	15.088135
-0.12037759	-1.1955407	15.188232
-0.12160988	-2.2712183	15.28833
-0.12128426	2.3861072	15.388428
-0.12438638	1.3891077	15.488525
-0.1206764	3.2327166	15.588623
-0.12544143	-0.019671433	15.688721
-0.12658606	-4.3301678	15.788818
-0.12399423	-0.6396715	15.888916
-0.12840903	3.2374291	15.989014
-0.1270521	2.0353339	16.089111
-0.1283423	-0.95561337	16.189209
-0.12900665	2.0679114	16.289307
-0.1311955	-2.2222493	16.389404
-0.13219303	-3.0188653	16.489502
-0.13136107	1.4200462	16.5896
-0.13265654	0.85208839	16.689697
-0.13112468	-0.82161468	16.789795
-0.13310681	0.25877541	16.889893
-0.13369237	-1.4707092	16.98999
-0.1378962	0.80189008	17.090088
-0.13559473	1.4407402	17.190186
-0.13642055	-1.1506696	17.290283
-0.13887306	-1.2994204	17.390381
-0.1395478	-1.382811	17.490479
-0.13818374	-3.0623024	17.590576
-0.14122482	-0.34544805	17.690674
-0.14244995	-0.19444342	17.790771
-0.14329149	-2.5136042	17.890869
-0.1422721	2.5758362	17.990967
-0.14363164	-1.8057059	18.091064
-0.14817537	2.0123861	18.191162
-0.14483282	3.0036485	18.29126
-0.14643346	1.2575676	18.391357
-0.14995718	-2.26794	18.491455
-0.14644553	1.8706014	18.591553
-0.15022469	2.1404428	18.69165
-0.14947459	3.2204232	18.791748
-0.14867558	3.1083477	18.891846
-0.15049034	2.091269	18.991943
-0.15156566	1.6566952	19.092041
-0.15036958	2.1500728	19.192139
-0.15497185	0.83344328	19.292236
-0.1560512	1.129101	19.392334
-0.15363681	4.0743575	19.492432
-0.15588793	3.4064641	19.592529
-0.15730764	0.1839902	19.692627
-0.15751681	1.7753271	19.792725
-0.16110229	-1.2053754	19.892822
-0.15742266	0.082774051	19.99292
-0.15824665	1.1489755	20.093018
-0.16010231	2.3566029	20.193115
-0.15925811	0.71727014	20.293213
-0.16339946	2.8858361	20.393311
-0.16323942	2.7467153	20.493408
-0.16288616	3.1003571	20.593506
-0.16509777	2.4533114	20.693604
-0.16677639	1.0123131	20.793701
-0.16781671	0.34011713	20.893799
-0.16497825	5.5657587	20.993896
-0.16747922	1.3335822	21.093994
-0.16709507	0.028682835	21.194092
-0.16817734	1.8181493	21.294189
-0.17229863	3.3992929	21.394287
-0.17040548	0.27864984	21.494385
-0.17279039	-0.31737798	21.594482
-0.1707968	1.4253733	21.69458
-0.17451838	5.4768362	21.794678
-0.17420463	1.0332121	21.894775
-0.17598072	0.070685484	21.994873
-0.17452636	0.89224702	22.094971
-0.17394	6.675858	22.195068
-0.17986624	2.3281229	22.295166
-0.179961	1.4161533	22.395264
-0.17876458	-0.72715998	22.495361
-0.18158993	-0.035857819	22.595459
-0.17886773	-0.58537543	22.695557
-0.18063803	2.0453734	22.795654
-0.18096611	1.1045141	22.895752
-0.18131138	1.9083014	22.99585
-0.18363634	-2.7574246	23.095947
-0.18455856	-3.8591232	23.196045
-0.18543801	-5.0286407	23.296143
-0.18746844	-4.8694406	23.39624
-0.18729816	-2.6103127	23.496338
-0.1853195	-2.7625468	23.596436
-0.18752144	-4.1789579	23.696533
-0.18938349	-7.5688276	23.796631
-0.18976253	-9.4621744	23.896729
-0.19236507	-11.382003	23.996826
-0.19452178	-10.535188	24.096924
-0.19435723	-12.696583	24.197021
-0.19715106	-12.016959	24.297119
-0.1930005	-14.245712	24.397217
-0.19491985	-14.334225	24.497314
-0.19675647	-19.333975	24.597412
-0.19578211	-20.67432	24.69751
-0.19611654	-22.457281	24.797607
-0.19728574	-23.914825	24.897705
-0.19842348	-25.114258	24.997803
-0.1996946	-25.753927	25.0979
-0.20061497	-31.265236	25.197998
-0.20025191	-37.586636	25.298096
-0.20320113	-38.157463	25.398193
-0.20628375	-43.88821	25.498291
-0.20517246	-41.893597	25.598389
-0.20443076	-48.300896	25.698486
-0.2059021	-48.656586	25.798584
-0.20525372	-48.829514	25.898682
-0.20809136	-49.626335	25.998779
-0.20845485	-52.000561	26.098877
-0.2086679	-56.082348	26.198975
-0.20949619	-57.032837	26.299072
-0.210052	-57.48954	26.39917
-0.20944972	-58.051968	26.499268
-0.21258105	-58.771133	26.599365
-0.21180394	-57.554695	26.699463
-0.21222043	-62.082939	26.799561
-0.21152334	-61.785027	26.899658
-0.21468189	-63.015602	26.999756
-0.21566205	-63.287235	27.099854
-0.21617186	-65.961472	27.199951
-0.21780632	-68.599594	27.300049
-0.21588369	-66.752296	27.400146
-0.21892154	-69.704781	27.500244
-0.21959448	-71.016083	27.600342
-0.21902061	-70.899704	27.700439
-0.22207068	-74.193069	27.800537
-0.22088812	-74.035713	27.900635
-0.22381704	-78.261131	28.000732
-0.22258644	-80.571014	28.10083
-0.22466068	-78.048866	28.200928
-0.22845021	-78.877235	28.301025
-0.22555239	-83.775925	28.401123
-0.22317767	-81.224213	28.501221
-0.22792995	-88.284912	28.601318
-0.23064709	-87.263733	28.701416
-0.22935811	-84.110718	28.801514
-0.23203984	-87.916107	28.901611
-0.22950731	-88.474228	29.001709
-0.23144917	-90.933281	29.101807
-0.23398247	-92.145615	29.201904
-0.23446302	-94.068466	29.302002
-0.23539937	-96.004066	29.4021
-0.23315829	-97.890503	29.502197
-0.23761155	-99.12661	29.602295
-0.23550498	-101.23058	29.702393
-0.23820877	-103.05903	29.80249
-0.23977216	-106.86355	29.902588
-0.23891138	-104.58173	30.002686
-0.23911993	-108.69671	30.102783
-0.24170154	-107.55054	30.202881
-0.24167146	-108.50861	30.302979
-0.24115345	-106.75153	30.403076
-0.2443278	-112.08089	30.503174
-0.24322221	-112.82116	30.603271
-0.24693397	-118.15212	30.703369
-0.2474886	-118.8467	30.803467
-0.24690346	-120.63412	30.903564
-0.2467823	-123.56447	31.003662
-0.24923277	-126.64398	31.10376
-0.24802442	-126.10881	31.203857
-0.24989399	-125.31567	31.303955
-0.24774341	-126.35078	31.404053
-0.25255361	-128.37485	31.50415
-0.25158063	-131.94707	31.604248
-0.25437838	-128.52176	31.704346
-0.25474247	-133.07458	31.804443
-0.25584787	-134.95543	31.904541
-0.25246152	-134.6149	32.004639
-0.25780302	-138.76128	32.104736
-0.25606051	-138.7455	32.204834
-0.25855723	-140.31189	32.304932
-0.26174608	-137.5432	32.405029
-0.261287	-139.62039	32.505127
-0.26008746	-145.88298	32.605225
-0.25938591	-147.43805	32.705322
-0.2601687	-147.66507	32.80542
-0.2601853	-147.73679	32.905518
-0.26295236	-147.79375	33.005615
-0.26350266	-149.41258	33.105713
-0.26543185	-152.04012	33.205811
-0.26650551	-156.64929	33.305908
-0.26497522	-154.84647	33.406006
-0.26762375	-155.97356	33.506104
-0.26856399	-158.31294	33.606201
-0.26973039	-158.7926	33.706299
-0.27018434	-162.52034	33.806396
-0.27218288	-162.97212	33.906494
-0.27097905	-161.44342	34.006592
-0.27470103	-161.31865	34.106689
-0.27177376	-163.53024	34.206787
-0.27235132	-161.30389	34.306885
-0.27526182	-167.10066	34.406982
-0.27568591	-165.79756	34.50708
-0.27601948	-167.91342	34.607178
-0.27683502	-169.87218	34.707275
-0.27723476	-170.71034	34.807373
-0.27860621	-171.81471	34.907471
-0.28028196	-172.50847	35.007568
-0.27974415	-172.78896	35.107666
-0.28136402	-176.69188	35.207764
-0.28334069	-178.80902	35.307861
-0.28408423	-180.32889	35.407959
-0.28532371	-180.96687	35.508057
-0.28326681	-182.65579	35.608154
-0.28470334	-180.27461	35.708252
-0.287296	-180.99843	35.80835
-0.28745052	-182.96046	35.908447
-0.28905162	-183.41922	36.008545
-0.28571215	-185.63977	36.108643
-0.28602469	-185.79979	36.20874
-0.28689137	-185.22713	36.308838
-0.29093531	-185.12897	36.408936
-0.2911455	-187.41512	36.509033
-0.29444426	-193.21945	36.609131
-0.29469559	-192.48801	36.709229
-0.29405048	-191.71782	36.809326
-0.29683292	-195.19292	36.909424
-0.29542154	-192.91376	37.009521
-0.29747412	-192.78551	37.109619
-0.2974686	-192.96683	37.209717
-0.29770559	-197.3158	37.309814
-0.29989552	-197.20822	37.409912
-0.30113491	-194.92471	37.51001
-0.30072212	-199.37059	37.610107
-0.30167627	-202.02879	37.710205
-0.30190367	-201.01193	37.810303
-0.29816958	-202.47034	37.9104
-0.30440176	-204.40388	38.010498
-0.3044658	-206.09198	38.110596
-0.30565226	-205.26115	38.210693
-0.30575705	-211.77864	38.310791
-0.30608532	-207.05559	38.410889
-0.30829895	-207.36826	38.510986
-0.30758199	-213.53946	38.611084
-0.30939984	-209.47203	38.711182
-0.3103503	-211.38074	38.811279
-0.31040803	-212.17203	38.911377
-0.31254268	-212.6445	39.011475
-0.31306109	-212.16486	39.111572
-0.31260613	-211.35718	39.21167
-0.31373316	-215.33734	39.311768
-0.31377596	-219.98918	39.411865
-0.31608579	-217.20224	39.511963
-0.31677204	-215.43608	39.612061
-0.31636864	-220.23259	39.712158
-0.31976727	-219.65541	39.812256
-0.31902066	-220.71428	39.912354
-0.32033864	-222.25993	40.012451
-0.32057461	-223.22005	40.112549
-0.32282043	-223.29955	40.212646
-0.32568023	-225.50536	40.312744
-0.32489267	-226.08806	40.412842
-0.32249212	-226.70644	40.512939
-0.32313621	-226.48454	40.613037
-0.3259567	-229.92133	40.713135
-0.32678357	-230.0547	40.813232
-0.32411042	-228.90732	40.91333
-0.32634354	-230.87344	41.013428
-0.32815558	-231.20537	41.113525
-0.32946953	-232.6349	41.213623
-0.32920429	-236.64066	41.313721
-0.3330192	-233.99702	41.413818
-0.33181906	-236.88489	41.513916
-0.3322024	-238.11481	41.614014
-0.33416161	-231.08366	41.714111
-0.33237779	-232.06694	41.814209
-0.33845016	-236.42165	41.914307
-0.33447638	-242.86188	42.014404
-0.33765769	-240.13564	42.114502
-0.33780998	-242.18286	42.2146
-0.33628827	-243.03787	42.314697
-0.34013906	-243.49007	42.414795
-0.3393288	-245.64389	42.514893
-0.34369794	-246.76422	42.61499
-0.33897904	-248.92802	42.715088
-0.34279251	-249.23189	42.815186
-0.34293044	-253.76933	42.915283
-0.34313512	-254.7206	43.015381
-0.34620544	-253.83759	43.115479
-0.34714666	-257.99622	43.215576
-0.34714052	-258.43527	43.315674
-0.34774837	-259.04401	43.415771
-0.34776291	-260.75052	43.515869
-0.34691563	-261.35001	43.615967
-0.34915423	-262.22388	43.716064
-0.35304204	-261.74319	43.816162
-0.35043564	-266.42511	43.91626
-0.3517637	-271.41232	44.016357
-0.35251218	-268.66245	44.116455
-0.35426366	-272.81235	44.216553
-0.35573295	-270.41223	44.31665
-0.35474092	-268.36884	44.416748
-0.35430765	-276.30093	44.516846
-0.35727647	-277.1033	44.616943
-0.35819215	-280.01968	44.717041
-0.35827115	-283.64883	44.817139
-0.35865653	-282.96432	44.917236
-0.35960722	-278.83908	45.017334
-0.36319759	-281.88678	45.117432
-0.36192951	-282.78543	45.217529
-0.36269987	-289.0397	45.317627
-0.36331734	-291.02243	45.417725
-0.36560386	-291.90854	45.517822
-0.36535314	-290.61078	45.61792
-0.366759	-288.13406	45.718018
-0.36704144	-292.6781	45.818115
-0.36696857	-295.47583	45.918213
-0.36685354	-297.47946	46.018311
-0.36748713	-299.87033	46.118408
-0.36727387	-305.76044	46.218506
-0.36760318	-303.05569	46.318604
-0.37063566	-305.29041	46.418701
-0.3724758	-305.22812	46.518799
-0.37257937	-308.89194	46.618896
-0.37175947	-311.41617	46.718994
-0.37535295	-310.23215	46.819092
-0.37724242	-314.83151	46.919189
-0.37465689	-310.771	47.019287
-0.37555045	-315.21033	47.119385
-0.37731364	-315.22733	47.219482
-0.37776187	-314.48917	47.31958
-0.37834474	-320.27905	47.419678
-0.38065311	-322.73135	47.519775
-0.38114801	-318.26443	47.619873
-0.38208619	-322.95264	47.719971
-0.38218668	-323.6767	47.820068
-0.38125831	-325.40866	47.920166
-0.38367644	-326.89493	48.020264
-0.38239729	-331.19656	48.120361
-0.38631311	-332.22546	48.220459
-0.38766363	-332.99341	48.320557
-0.38590929	-330.25266	48.420654
-0.38808361	-329.88507	48.520752
-0.38929173	-334.30124	48.62085
-0.39042294	-334.44775	48.720947
-0.3876096	-336.28943	48.821045
-0.39057091	-338.47604	48.921143
-0.39340124	-341.36295	49.02124
-0.39176044	-339.78818	49.121338
-0.39189079	-338.71207	49.221436
-0.39271703	-338.84177	49.321533
-0.39634794	-344.86572	49.421631
-0.39571697	-352.09296	49.521729
-0.39785159	-349.72479	49.621826
-0.39534059	-344.91388	49.721924
-0.3974492	-349.27118	49.822021
-0.3989619	-347.10818	49.922119
-0.39897069	-349.03394	50.022217
-0.39818621	-352.4982	50.122314
-0.40100318	-357.94623	50.222412
-0.40141559	-361.70386	50.32251
-0.40516892	-359.3013	50.422607
-0.40469453	-360.9509	50.522705
-0.40492928	-354.39612	50.622803
-0.40766171	-364.67697	50.7229
-0.40751559	-365.88275	50.822998
-0.40546304	-370.60504	50.923096
-0.40796483	-366.32901	51.023193
-0.40759948	-369.86047	51.123291
-0.40771493	-371.29205	51.223389
-0.40871572	-369.5593	51.323486
-0.41226131	-371.88971	51.423584
-0.41183376	-375.0878	51.523682
-0.41238841	-378.97821	51.623779
-0.41415706	-377.03278	51.723877
-0.41503552	-376.45746	51.823975
-0.41438651	-378.97717	51.924072
-0.41349709	-382.44839	52.02417
-0.41494709	-386.92072	52.124268
-0.41971192	-383.84698	52.224365
-0.41952279	-391.53931	52.324463
-0.41838607	-389.85284	52.424561
-0.41882059	-392.8541	52.524658
-0.41916832	-391.68787	52.624756
-0.42097956	-390.29788	52.724854
-0.42082039	-394.22296	52.824951
-0.42232829	-393.59006	52.925049
-0.42382234	-390.1315	53.025146
-0.42437285	-397.80176	53.125244
-0.42466572	-396.98404	53.225342
-0.42814356	-400.73062	53.325439
-0.4279604	-406.70416	53.425537
-0.42758277	-399.25397	53.525635
-0.42801994	-403.5097	53.625732
-0.42937177	-405.81964	53.72583
-0.43200028	-410.55609	53.825928
-0.43158582	-407.3598	53.926025
-0.43101299	-409.65292	54.026123
-0.43154389	-410.76279	54.126221
-0.43323115	-417.42944	54.226318
-0.43560338	-414.40674	54.326416
-0.43264988	-416.24927	54.426514
-0.43290919	-417.26349	54.526611
-0.43603581	-421.88623	54.626709
-0.43529207	-420.66895	54.726807
-0.43713099	-421.89465	54.826904
-0.43843815	-424.86017	54.927002
-0.44028851	-426.90207	55.0271
-0.43955255	-426.54758	55.127197
-0.44065118	-426.33554	55.227295
-0.44279337	-426.42178	55.327393
-0.4440017	-429.19946	55.42749
-0.44442374	-431.52454	55.527588
-0.44129133	-434.29736	55.627686
-0.4447557	-432.73892	55.727783
-0.44541615	-438.07547	55.827881
-0.44777304	-434.78766	55.927979
-0.44923803	-436.96536	56.028076
-0.44800839	-439.15668	56.128174
-0.45017293	-444.79929	56.228271
-0.4499259	-446.55768	56.328369
-0.4509955	-448.4689	56.428467
-0.45275351	-449.54227	56.528564
-0.45281389	-453.06161	56.628662
-0.45349646	-452.37836	56.72876
-0.45223039	-451.32028	56.828857
-0.4560408	-455.12036	56.928955
-0.45631015	-457.6962	57.029053
-0.45669737	-457.28906	57.12915
-0.45790082	-456.14374	57.229248
-0.45937747	-462.33536	57.329346
-0.46033061	-460.25345	57.429443
-0.46249345	-464.85278	57.529541
-0.46161747	-469.0993	57.629639
-0.46215963	-467.7923	57.729736
-0.46254012	-469.77969	57.829834
-0.46332234	-467.71954	57.929932
-0.46158719	-467.25632	58.030029
-0.46562663	-470.73611	58.130127
-0.46554762	-478.8555	58.230225
-0.46703389	-478.85876	58.330322
-0.46624473	-477.94742	58.43042
-0.46697536	-481.47867	58.530518
-0.46963003	-479.38165	58.630615
-0.46769744	-481.32806	58.730713
-0.46992108	-486.37039	58.830811
-0.47143868	-488.40781	58.930908
-0.47138646	-491.59073	59.031006
-0.47391042	-489.99506	59.131104
-0.47432199	-490.05466	59.231201
-0.4743005	-493.02002	59.331299
-0.47508904	-491.14941	59.431396
-0.47560459	-497.41263	59.531494
-0.47480291	-497.71442	59.631592
-0.47462812	-503.37595	59.731689
-0.47345686	-502.40851	59.831787
-0.47899276	-508.7561	59.931885
-0.4808403	-504.72247	60.031982
-0.48083147	-505.03333	60.13208
-0.48294646	-512.28058	60.232178
-0.47990108	-515.4726	60.332275
-0.48394725	-512.27301	60.432373
-0.48471558	-513.43311	60.532471
-0.48342699	-514.57886	60.632568
-0.48532936	-519.25751	60.732666
-0.48726654	-522.02594	60.832764
-0.48714986	-525.80591	60.932861
-0.49003664	-524.3313	61.032959
-0.49075931	-529.36774	61.133057
-0.48922452	-528.59509	61.233154
-0.49122122	-528.57831	61.333252
-0.49161986	-530.56793	61.43335
-0.49167225	-538.81592	61.533447
-0.49157771	-536.11859	61.633545
-0.48963958	-545.37421	61.733643
-0.49475139	-543.79395	61.83374
-0.49387345	-544.03815	61.933838
-0.49604407	-549.43286	62.033936
-0.49433127	-549.44971	62.134033
-0.49865171	-551.44464	62.234131
-0.49684942	-554.01007	62.334229
-0.49854285	-557.52106	62.434326
-0.50299489	-550.69391	62.534424
-0.50002933	-556.61896	62.634521
-0.50326705	-560.44849	62.734619
-0.5013392	-563.59796	62.834717
-0.50234181	-564.20758	62.934814
-0.50437516	-569.35376	63.034912
-0.50325704	-574.12909	63.13501
-0.50534886	-576.69775	63.235107
-0.50760818	-578.04388	63.335205
-0.50643218	-577.42615	63.435303
-0.50950599	-579.70306	63.5354
-0.50838524	-583.96619	63.635498
-0.5078665	-583.95392	63.735596
-0.50952828	-584.17047	63.835693
-0.51106185	-588.70178	63.935791
-0.51098943	-585.94647	64.035889
-0.51127756	-592.38055	64.135986
-0.51388973	-597.14423	64.236084
-0.51281542	-597.63928	64.336182
-0.51271415	-601.99274	64.436279
-0.51430315	-598.987	64.536377
-0.51790643	-607.45569	64.636475
-0.51814133	-603.974	64.736572
-0.51752287	-605.65161	64.83667
-0.51826292	-610.93774	64.936768
-0.51942092	-613.24091	65.036865
-0.52094835	-615.74384	65.136963
-0.52214146	-613.71222	65.237061
-0.52238035	-615.53198	65.337158
-0.52542698	-618.49194	65.437256
-0.52213967	-618.27087	65.537354
-0.52477264	-622.49738	65.637451
-0.52544498	-628.9823	65.737549
-0.52577657	-630.00104	65.837646
-0.52516621	-629.73138	65.937744
-0.52570409	-633.26422	66.037842
-0.52784532	-630.23535	66.137939
-0.53172016	-637.96686	66.238037
-0.53087288	-641.29034	66.338135
-0.53051513	-645.89771	66.438232
-0.53367019	-643.82892	66.53833
-0.53405786	-643.6781	66.638428
-0.5343712	-647.1424	66.738525
-0.53264362	-647.4469	66.838623
-0.53591514	-652.24078	66.938721
-0.53678513	-654.57367	67.038818
-0.53798759	-656.5636	67.138916
-0.53865045	-653.75891	67.239014
-0.53761649	-662.46643	67.339111
-0.53836477	-663.35461	67.439209
-0.54120755	-662.19739	67.539307
-0.53997755	-660.89349	67.639404
-0.54134446	-673.47467	67.739502
-0.54038972	-672.48834	67.8396
-0.54138827	-672.33466	67.939697
-0.54296684	-672.71515	68.039795
-0.54343265	-676.11963	68.139893
-0.54643768	-678.33795	68.23999
-0.54802591	-683.50031	68.340088
-0.54678786	-689.91742	68.440186
-0.54978186	-687.96539	68.540283
-0.54969835	-692.83478	68.640381
-0.55012059	-690.87036	68.740479
-0.55144519	-688.12787	68.840576
-0.55094355	-694.71362	68.940674
-0.55363244	-689.88196	69.040771
-0.55185431	-695.22357	69.140869
-0.55287069	-692.99481	69.240967
-0.55470163	-698.42621	69.341064
-0.55394006	-701.00104	69.441162
-0.55507284	-701.12231	69.54126
-0.55502635	-708.48663	69.641357
-0.55733174	-713.39886	69.741455
-0.55931652	-708.18585	69.841553
-0.55949849	-713.44946	69.94165
-0.55961531	-713.36853	70.041748
-0.56034434	-712.86938	70.141846
-0.55939883	-714.62286	70.241943
-0.56149846	-716.30402	70.342041
-0.56379741	-718.80054	70.442139
-0.56399041	-724.00433	70.542236
-0.56611997	-728.61737	70.642334
-0.56706452	-721.90601	70.742432
-0.56666988	-728.87946	70.842529
-0.56768441	-731.99969	70.942627
-0.56898421	-734.21826	71.042725
-0.56807697	-738.45074	71.142822
-0.56892812	-741.5567	71.24292
-0.57183373	-746.50781	71.343018
-0.57203144	-746.02759	71.443115
-0.5708164	-742.74176	71.543213
-0.57333678	-745.86365	71.643311
-0.57357728	-752.61292	71.743408
-0.57403308	-758.87921	71.843506
-0.57365751	-757.11823	71.943604
-0.57452321	-759.56189	72.043701
-0.57628655	-762.07056	72.143799
-0.57871246	-767.64087	72.243896
-0.57734656	-770.33105	72.343994
-0.57810628	-773.52448	72.444092
-0.58041221	-774.60461	72.544189
-0.58069116	-778.3114	72.644287
-0.5793969	-783.59583	72.744385
-0.58130908	-785.21027	72.844482
-0.58431637	-786.78809	72.94458
-0.58286202	-792.76367	73.044678
-0.58587343	-798.47906	73.144775
-0.58533698	-800.87384	73.244873
-0.58718944	-805.83783	73.344971
-0.58560717	-808.78925	73.445068
-0.58812964	-811.36621	73.545166
-0.58950824	-815.49872	73.645264
-0.58878106	-819.8598	73.745361
-0.59041184	-821.32861	73.845459
-0.58860993	-821.56964	73.945557
-0.59082031	-827.70032	74.045654
-0.59351212	-824.30469	74.145752
-0.59290832	-829.01172	74.24585
-0.59495622	-833.49451	74.345947
-0.59538865	-837.01373	74.446045
-0.59663075	-839.05316	74.546143
-0.59779978	-834.95111	74.64624
-0.59698093	-845.04919	74.746338
-0.59820849	-848.55524	74.846436
-0.60023177	-849.80737	74.946533
-0.5992502	-854.52142	75.046631
-0.60006458	-860.82587	75.146729
-0.60135722	-858.55035	75.246826
-0.59892583	-861.98511	75.346924
-0.60459846	-869.1673	75.447021
-0.60194463	-869.81409	75.547119
-0.6051048	-873.24396	75.647217
-0.60306656	-885.03406	75.747314
-0.60510504	-887.948	75.847412
-0.60522455	-899.96033	75.94751
-0.60923207	-897.81995	76.047607
-0.60858679	-902.51147	76.147705
-0.60851926	-909.17059	76.247803
-0.61228293	-909.93988	76.3479
-0.61208278	-914.14935	76.447998
-0.6126104	-919.99457	76.548096
-0.61309135	-928.43274	76.648193
-0.61489284	-932.03595	76.748291
-0.61455697	-939.38037	76.848389
-0.61455554	-942.88257	76.948486
-0.61657512	-952.78949	77.048584
-0.61581624	-960.63611	77.148682
-0.61723804	-962.21625	77.248779
-0.61842161	-963.73889	77.348877
-0.61959642	-963.78253	77.448975
-0.62031251	-972.50189	77.549072
-0.61854303	-978.66632	77.64917
-0.62009495	-987.74249	77.749268
-0.62090176	-995.94885	77.849365
-0.62196094	-1002.1307	77.949463
-0.62427193	-1009.5941	78.049561
-0.62594974	-1012.7057	78.149658
-0.62454766	-1022.6813	78.249756
-0.62609649	-1027.4521	78.349854
-0.62672871	-1027.2101	78.449951
-0.62670517	-1031.5092	78.550049
-0.62712026	-1035.7765	78.650146
-0.63194269	-1042.7615	78.750244
-0.62994069	-1049.8536	78.850342
-0.63146377	-1046.8069	78.950439
-0.63242859	-1051.8956	79.050537
-0.6338107	-1059.7126	79.150635
-0.6315614	-1064.5597	79.250732
-0.63177466	-1074.8693	79.35083
-0.63473231	-1077.2017	79.450928
-0.63671035	-1084.7295	79.551025
-0.63524604	-1093.7566	79.651123
-0.63545394	-1088.8646	79.751221
-0.64098841	-1094.2054	79.851318
-0.63906294	-1106.0815	79.951416
-0.64141309	-1104.2015	80.051514
-0.63998473	-1116.1039	80.151611
-0.64268523	-1118.1141	80.251709
-0.64103669	-1129.9153	80.351807
-0.64277405	-1134.5461	80.451904
-0.64490587	-1150.8755	80.552002
-0.64436024	-1146.8683	80.6521
-0.64614391	-1146.5013	80.752197
-0.64636433	-1167.0496	80.852295
-0.64863038	-1180.8875	80.952393
-0.64735162	-1185.6489	81.05249
-0.64844126	-1193.2704	81.152588
-0.64947724	-1198.2245	81.252686
-0.64867681	-1202.1072	81.352783
-0.65226638	-1210.7258	81.452881
-0.65094203	-1213.2565	81.552979
-0.65283799	-1215.3535	81.653076
-0.65372807	-1218.5635	81.753174
-0.65577322	-1225.9583	81.853271
-0.6546061	-1232.3549	81.953369
-0.65667993	-1239.7504	82.053467
-0.65487933	-1240.2253	82.153564
-0.65619755	-1237.6165	82.253662
-0.65814698	-1244.6647	82.35376
-0.6600399	-1262.9419	82.453857
-0.6581654	-1263.9216	82.553955
-0.66006041	-1271.537	82.654053
-0.66148567	-1272.5936	82.75415
-0.65993512	-1278.7306	82.854248
-0.66261047	-1284.162	82.954346
-0.66085958	-1297.9635	83.054443
-0.66325742	-1306.0963	83.154541
-0.66436017	-1316.5966	83.254639
-0.66631913	-1324.7209	83.354736
-0.66688222	-1334.2172	83.454834
-0.66684681	-1338.6456	83.554932
-0.66826963	-1349.6219	83.655029
-0.66903603	-1355.9205	83.755127
-0.66998506	-1364.1083	83.855225
-0.67102438	-1368.7089	83.955322
-0.6691795	-1369.1769	84.05542
-0.67152107	-1384.0151	84.155518
-0.67469794	-1382.9453	84.255615
-0.67324436	-1389.6658	84.355713
-0.67482114	-1401.0219	84.455811
-0.67293227	-1409.1573	84.555908
-0.67688656	-1411.5981	84.656006
-0.67471492	-1420.641	84.756104
-0.67753577	-1426.506	84.856201
-0.67549878	-1436.9894	84.956299
-0.68032265	-1451.7444	85.056396
-0.68070227	-1453.3772	85.156494
-0.68111366	-1462.0898	85.256592
-0.68346459	-1472.4922	85.356689
-0.68458945	-1474.5519	85.456787
-0.68208462	-1481.3815	85.556885
-0.68392694	-1492.7699	85.656982
-0.6855579	-1496.7952	85.75708
-0.68469423	-1513.9097	85.857178
-0.68327183	-1517.5616	85.957275
-0.68709743	-1524.4999	86.057373
-0.68876851	-1535.6656	86.157471
-0.68986791	-1534.5518	86.257568
-0.68862605	-1547.1924	86.357666
-0.69159961	-1557.858	86.457764
-0.69077396	-1566.072	86.557861
-0.69271886	-1568.8931	86.657959
-0.68944323	-1575.8005	86.758057
-0.69435394	-1587.6549	86.858154
-0.69663101	-1587.8346	86.958252
-0.69243586	-1598.4655	87.05835
-0.69603378	-1611.3706	87.158447
-0.69877386	-1615.7775	87.258545
-0.69806755	-1618.9862	87.358643
-0.69954032	-1622.921	87.45874
-0.69929576	-1638.869	87.558838
-0.70063239	-1641.0901	87.658936
-0.69933563	-1646.575	87.759033
-0.70045704	-1662.454	87.859131
-0.70506704	-1666.8422	87.959229
-0.70096844	-1677.5142	88.059326
-0.70307237	-1682.266	88.159424
-0.70223087	-1696.2727	88.259521
-0.70499849	-1697.9541	88.359619
-0.70607233	-1712.5751	88.459717
-0.70609117	-1726.7889	88.559814
-0.70809317	-1735.1616	88.659912
-0.70783633	-1742.4528	88.76001
-0.70947421	-1748.8984	88.860107
-0.70949835	-1750.0374	88.960205
-0.71117109	-1759.3177	89.060303
-0.71309638	-1774.8422	89.1604
-0.71286899	-1787.6965	89.260498
-0.71108246	-1795.1147	89.360596
-0.71462482	-1806.6644	89.460693
-0.71576399	-1813.5406	89.560791
-0.71638286	-1822.174	89.660889
-0.71549058	-1829.6366	89.760986
-0.71561891	-1832.4684	89.861084
-0.71861553	-1848.3939	89.961182
-0.72004998	-1855.0837	90.061279
-0.72146219	-1871.2837	90.161377
-0.71930528	-1875.402	90.261475
-0.72047794	-1890.61	90.361572
-0.72296703	-1904.9213	90.46167
-0.72392732	-1913.8882	90.561768
-0.72412258	-1921.7108	90.661865
-0.72438765	-1925.6	90.761963
-0.7238068	-1933.4301	90.862061
-0.72435737	-1943.7255	90.962158
-0.72578919	-1962.5859	91.062256
-0.72808963	-1978.1523	91.162354
-0.72934031	-1988.5432	91.262451
-0.72894716	-1998.4507	91.362549
-0.7300818	-2007.489	91.462646
-0.73074043	-2021.9652	91.562744
-0.73286724	-2034.4021	91.662842
-0.73462635	-2044.248	91.762939
-0.73423499	-2050.9944	91.863037
-0.73574257	-2065.8508	91.963135
-0.73429132	-2076.5684	92.063232
-0.73373073	-2079.3018	92.16333
-0.73865104	-2097.926	92.263428
-0.73643267	-2101.1494	92.363525
-0.73713899	-2127.9546	92.463623
-0.73760951	-2144.2122	92.563721
-0.74067271	-2152.2944	92.663818
-0.74029738	-2166.6133	92.763916
-0.7434504	-2162.7451	92.864014
-0.74083459	-2164.1008	92.964111
-0.74384373	-2181.3174	93.064209
-0.7438243	-2200.1902	93.164307
-0.74569476	-2215.5928	93.264404
-0.74522179	-2228.1411	93.364502
-0.74832547	-2231.7678	93.4646
-0.74613398	-2248.5688	93.564697
-0.74725956	-2256.6824	93.664795
-0.74870205	-2270.3291	93.764893
-0.75014549	-2282.9102	93.86499
-0.75141257	-2288.9409	93.965088
-0.75267619	-2306.3567	94.065186
-0.75137532	-2322.6086	94.165283
-0.74989212	-2332.2356	94.265381
-0.7532773	-2337.0046	94.365479
-0.75577915	-2346.729	94.465576
-0.75520688	-2359.4336	94.565674
-0.75611579	-2372.5583	94.665771
-0.75770092	-2384.689	94.765869
-0.75758302	-2388.3132	94.865967
-0.75998348	-2391.9375	94.966064
-0.75737917	-2401.9666	95.066162
-0.75972825	-2424.8311	95.16626
-0.75864172	-2444.4919	95.266357
-0.76090509	-2459.8442	95.366455
-0.76386529	-2467.8071	95.466553
-0.76351964	-2479.7876	95.56665
-0.76139385	-2501.4004	95.666748
-0.76517642	-2504.3313	95.766846
-0.76509374	-2510.5032	95.866943
-0.76757979	-2525.4551	95.967041
-0.76655257	-2528.27	96.067139
-0.76847011	-2540.8389	96.167236
-0.76714325	-2547.738	96.267334
-0.76734728	-2575.8501	96.367432
-0.76988631	-2594.5093	96.467529
-0.7718693	-2601.2625	96.567627
-0.77335268	-2621.1892	96.667725
-0.77307785	-2637.1265	96.767822
-0.77597034	-2653.3318	96.86792
-0.77346689	-2654.0244	96.968018
-0.77252054	-2660.0967	97.068115
-0.77512467	-2686.5627	97.168213
-0.77660477	-2701.3933	97.268311
-0.77641708	-2717.8535	97.368408
-0.77946782	-2727.9678	97.468506
-0.77802145	-2729.4043	97.568604
-0.77714854	-2753.9441	97.668701
-0.78136528	-2759.5767	97.768799
-0.78105074	-2778.9111	97.868896
-0.78189844	-2801.7031	97.968994
-0.78044367	-2818.125	98.069092
-0.7836538	-2840.6804	98.169189
-0.78284234	-2850.3403	98.269287
-0.78594977	-2851.4944	98.369385
-0.78572726	-2855.9563	98.469482
-0.78787827	-2879.176	98.56958
-0.78676814	-2895.5623	98.669678
-0.7895031	-2908.2874	98.769775
-0.79060006	-2920.1123	98.869873
-0.79131782	-2928.0854	98.969971
-0.79348707	-2946.9524	99.070068
-0.79142243	-2956.7192	99.170166
-0.79106462	-2986.8391	99.270264
-0.7915765	-3009.6621	99.370361
-0.79373431	-3016.0176	99.470459
-0.79355586	-3028.1208	99.570557
-0.79493999	-3045.6243	99.670654
-0.7975359	-3060.8801	99.770752
-0.79820335	-3077.2288	99.87085
-0.7955184	-3093.6658	99.970947
-0.79884493	-3113.6716	100.07104
-0.79989809	-3131.7515	100.17114
-0.79981101	-3142.0742	100.27124
-0.80205142	-3160.4932	100.37134
-0.80385363	-3179.4614	100.47144
-0.80345088	-3197.4395	100.57153
-0.80462974	-3215.6064	100.67163
-0.80444676	-3218.5972	100.77173
-0.80557305	-3237.9675	100.87183
-0.80587411	-3258.8462	100.97192
-0.8078444	-3271.7759	101.07202
-0.80803579	-3272.0571	101.17212
-0.8091684	-3289.3171	101.27222
-0.80941135	-3297.8469	101.37231
-0.81041473	-3316.488	101.47241
-0.81115872	-3334.9043	101.57251
-0.81023484	-3345.9524	101.67261
-0.8088755	-3359.7942	101.77271
-0.81223363	-3380.3313	101.8728
-0.81274873	-3390.6594	101.9729
-0.81284761	-3403.1521	102.073
-0.81690729	-3415.0637	102.1731
-0.81588602	-3424.5923	102.27319
-0.81748807	-3434.1206	102.37329
-0.81277555	-3451.2156	102.47339
-0.82057178	-3464.7944	102.57349


Data Acquisition						Time:	126.1792	Sec
Channel 1 Displacement	Channel 1 Force	Time
mm	N	Sec
-0.82005155	-3502.9238	102.67358
-0.81828731	-3513.1982	102.77368
-0.8213532	-3535.0344	102.87378
-0.82153744	-3538.2957	102.97388
-0.82303041	-3548.0569	103.07397
-0.82093507	-3586.3867	103.17407
-0.82528007	-3597.9771	103.27417
-0.82523793	-3601.6682	103.37427
-0.8256982	-3615.9441	103.47437
-0.82710379	-3661.1431	103.57446
-0.82665312	-3670.2107	103.67456
-0.82872432	-3702.4246	103.77466
-0.82949656	-3717.688	103.87476
-0.82916439	-3734.9817	103.97485
-0.83000159	-3759.1323	104.07495
-0.83308446	-3773.2786	104.17505
-0.83342379	-3785.2039	104.27515
-0.83239597	-3786.2568	104.37524
-0.83364958	-3807.0005	104.47534
-0.8342576	-3823.7756	104.57544
-0.83820289	-3830.5225	104.67554
-0.83510798	-3865.3455	104.77563
-0.83722174	-3883.2561	104.87573
-0.83829892	-3887.3076	104.97583
-0.83737546	-3908.6465	105.07593
-0.83896327	-3922.7644	105.17603
-0.8398785	-3947.5105	105.27612
-0.84112918	-3962.0083	105.37622
-0.84261793	-3973.6589	105.47632
-0.84389025	-3984.552	105.57642
-0.84476501	-3989.4124	105.67651
-0.84535503	-3996.5596	105.77661
-0.8450231	-4020.8015	105.87671
-0.84565425	-4047.521	105.97681
-0.84605765	-4069.3669	106.0769
-0.84869397	-4091.6487	106.177
-0.84654641	-4103.3125	106.2771
-0.85097367	-4119.2397	106.3772
-0.84951383	-4138.895	106.47729
-0.85067326	-4153.5059	106.57739
-0.85278147	-4176.1401	106.67749
-0.85326123	-4195.6777	106.77759
-0.85175633	-4206.7891	106.87769
-0.85389626	-4210.8618	106.97778
-0.85489684	-4221.7725	107.07788
-0.85739863	-4242.7559	107.17798
-0.85571307	-4263.0513	107.27808
-0.85568607	-4280.8545	107.37817
-0.85728651	-4313.4199	107.47827
-0.85984296	-4329.729	107.57837
-0.85966921	-4351.8262	107.67847
-0.86142504	-4378.0776	107.77856
-0.86082536	-4393.8013	107.87866
-0.86380076	-4423.0591	107.97876
-0.86286485	-4440.9824	108.07886
-0.86270851	-4454.7373	108.17896
-0.86383265	-4464.8252	108.27905
-0.86362165	-4489.606	108.37915
-0.86366546	-4522.8345	108.47925
-0.86626124	-4542.5117	108.57935
-0.86752886	-4568.5796	108.67944
-0.86599928	-4583.9336	108.77954
-0.86854219	-4608.7085	108.87964
-0.86981624	-4623.0757	108.97974
-0.87097603	-4656.709	109.07983
-0.87088513	-4670.9219	109.17993
-0.87122327	-4685.9937	109.28003
-0.87182146	-4705.5254	109.38013
-0.87526435	-4722.9839	109.48022
-0.87193632	-4753.3965	109.58032
-0.87482107	-4783.2861	109.68042
-0.87788606	-4809.0352	109.78052
-0.87633413	-4829.2427	109.88062
-0.87661147	-4829.3394	109.98071
-0.87923992	-4852.9038	110.08081
-0.87990898	-4881.3188	110.18091
-0.88139868	-4896.1343	110.28101
-0.88095009	-4928.3838	110.3811
-0.88498664	-4944.938	110.4812
-0.88002998	-4946.9053	110.5813
-0.88453943	-4973.2476	110.6814
-0.88501549	-5002.2095	110.78149
-0.88574106	-5022.957	110.88159
-0.88520443	-5045.2085	110.98169
-0.88429755	-5074.394	111.08179
-0.88765919	-5093.4863	111.18188
-0.88496333	-5121.522	111.28198
-0.88868886	-5146.7881	111.38208
-0.88996863	-5158.207	111.48218
-0.88890392	-5193.5552	111.58228
-0.89100355	-5239.0361	111.68237
-0.89257336	-5263.9111	111.78247
-0.89132756	-5292.4399	111.88257
-0.89399099	-5297.459	111.98267
-0.89294565	-5319.4609	112.08276
-0.89758754	-5340.5942	112.18286
-0.89883786	-5364.2236	112.28296
-0.89740169	-5379.1953	112.38306
-0.89815629	-5389.5649	112.48315
-0.89742362	-5408.5156	112.58325
-0.90048683	-5440.4917	112.68335
-0.89881837	-5465.5825	112.78345
-0.90203822	-5500.9106	112.88354
-0.89961457	-5512.4248	112.98364
-0.90355068	-5530.2363	113.08374
-0.90206623	-5540.2314	113.18384
-0.90406454	-5572.1367	113.28394
-0.90537542	-5606.3604	113.38403
-0.90645176	-5642.98	113.48413
-0.90504998	-5679.9736	113.58423
-0.90591305	-5710.7715	113.68433
-0.90893757	-5758.2964	113.78442
-0.90760583	-5757.8706	113.88452
-0.9098146	-5780.9893	113.98462
-0.90979409	-5806.8911	114.08472
-0.91043758	-5816.3872	114.18481
-0.91220808	-5841.126	114.28491
-0.91302365	-5850.1885	114.38501
-0.91327441	-5894.8394	114.48511
-0.91352636	-5924.0078	114.58521
-0.91603369	-5965.1699	114.6853
-0.91381961	-5989.8193	114.7854
-0.91784841	-6027.8604	114.8855
-0.91833121	-6038.0615	114.9856
-0.91972762	-6043.8159	115.08569
-0.91832364	-6049.4048	115.18579
-0.91915232	-6070.3457	115.28589
-0.92136902	-6103.7886	115.38599
-0.91978294	-6140.6094	115.48608
-0.92330819	-6161.2534	115.58618
-0.92347646	-6191.1479	115.68628
-0.92356139	-6218.7891	115.78638
-0.92579323	-6240.8018	115.88647
-0.92610431	-6276.5659	115.98657
-0.92585152	-6287.3979	116.08667
-0.92861289	-6321.8584	116.18677
-0.9268288	-6345.2905	116.28687
-0.92613399	-6380.4028	116.38696
-0.92653269	-6441.8501	116.48706
-0.92954248	-6442.7954	116.58716
-0.92917657	-6421.8457	116.68726
-0.92951733	-6387.0669	116.78735
-0.92822486	-6350.2754	116.88745
-0.93022156	-6307.8174	116.98755
-0.92884189	-6254.8774	117.08765
-0.93144482	-6187.4897	117.18774
-0.92763704	-6098.6226	117.28784
-0.92759693	-6003.2539	117.38794
-0.9279604	-5895.77	117.48804
-0.92551404	-5797.1924	117.58813
-0.92453903	-5723.9551	117.68823
-0.92486978	-5646.5317	117.78833
-0.92328286	-5576.3179	117.88843
-0.92281151	-5506.7578	117.98853
-0.92156899	-5450.4805	118.08862
-0.92344636	-5377.6943	118.18872
-0.92138273	-5298.0112	118.28882
-0.9194479	-5228.1582	118.38892
-0.91690576	-5151.6719	118.48901
-0.9171043	-5091.8906	118.58911
-0.91695839	-5028.0864	118.68921
-0.91768426	-4975.0459	118.78931
-0.91537958	-4912.3315	118.8894
-0.91537076	-4855.9502	118.9895
-0.91551346	-4808.0674	119.0896
-0.9132973	-4758.8628	119.1897
-0.91138923	-4695.5439	119.28979
-0.91075683	-4664.9521	119.38989
-0.91066039	-4618.7988	119.48999
-0.91066039	-4577.0366	119.59009
-0.91063398	-4527	119.69019
-0.90878958	-4479.4077	119.79028
-0.90770775	-4439.6602	119.89038
-0.90821385	-4373.9263	119.99048
-0.90812361	-4312.626	120.09058
-0.90518326	-4269.3867	120.19067
-0.90518898	-4223.3828	120.29077
-0.90603667	-4155.3198	120.39087
-0.90255827	-4107.6641	120.49097
-0.90076089	-4045.7119	120.59106
-0.90310556	-3985.2412	120.69116
-0.89877421	-3927.563	120.79126
-0.90071362	-3881.7336	120.89136
-0.89967901	-3830.4304	120.99146
-0.89692307	-3781.4731	121.09155
-0.89922673	-3728.092	121.19165
-0.89856398	-3672.1255	121.29175
-0.89518213	-3623.5566	121.39185
-0.89540952	-3574.3735	121.49194
-0.8945964	-3526.3232	121.59204
-0.89208502	-3455.3354	121.69214
-0.89286661	-3403.3584	121.79224
-0.89350826	-3355.5017	121.89233
-0.89229047	-3301.4646	121.99243
-0.89082938	-3270.6892	122.09253
-0.89200926	-3237.8142	122.19263
-0.88762665	-3190.7632	122.29272
-0.88791579	-3153.1926	122.39282
-0.88705128	-3114.5825	122.49292
-0.88637304	-3058.9465	122.59302
-0.88782227	-3025.8755	122.69312
-0.88654065	-2992.5271	122.79321
-0.88532656	-2949.3608	122.89331
-0.88455194	-2901.9214	122.99341
-0.88057369	-2854.0388	123.09351
-0.88141096	-2815.8174	123.1936
-0.88217908	-2782.7439	123.2937
-0.8803336	-2763.063	123.3938
-0.87836421	-2732.115	123.4939
-0.87731528	-2706.0195	123.59399
-0.87912655	-2671.8599	123.69409
-0.87711757	-2641.4775	123.79419
-0.87591726	-2608.1475	123.89429
-0.87638777	-2566.8223	123.99438
-0.87176394	-2519.6106	124.09448
-0.87210149	-2488.3179	124.19458
-0.87231207	-2458.0388	124.29468
-0.87155646	-2428.7693	124.39478
-0.87070709	-2401.0869	124.49487
-0.86962998	-2359.9478	124.59497
-0.87302083	-2328.6536	124.69507
-0.87042505	-2299.7842	124.79517
-0.8717097	-2274.5222	124.89526
-0.86704218	-2238.8276	124.99536
-0.86852378	-2207.8057	125.09546
-0.86471128	-2161.3362	125.19556
-0.86314952	-2121.6116	125.29565
-0.86396182	-2085.7075	125.39575
-0.8627398	-2043.8618	125.49585
-0.86103779	-1998.7938	125.59595
-0.86037612	-1960.8663	125.69604
-0.85979199	-1927.778	125.79614
-0.85808754	-1890.9634	125.89624
-0.85988516	-1856.9132	125.99634
-0.85862172	-1822.8434	126.09644


